148 151
4 150
2 149
573 148
830 147
136 146
129 145
590 144
348 143
8 142
3 141
305 140
11 139
3 138
254 137
269 136
10 135
6 134
6 133
200 132
828 131
165 130
146 129
9 128
16 127
107 126
582 125
24 124
12 123
23 122
135 121
20 120
670 119
28 118
20 117
190 116
409 115
491 114
17 113
496 112
33 111
338 110
15 109
1 108
811 107
458 106
458 105
8 104
316 103
582 102
8 101
4 100
521 99
683 98
678 97
659 96
316 95
1257 94
608 93
542 92
569 91
637 90
853 89
15 88
407 87
1166 86
1292 85
1217 84
632 83
912 82
1049 81
1151 80
2200 79
30 78
1531 77
518 76
704 75
1085 74
1375 73
635 72
961 71
22 70
1270 69
2232 68
56 67
58 66
48 65
172 64
97 63
576 62
221 61
213 60
6 59
5 58
2 56
1 54
1 52
1 51
1 50
7 45
1 44
6 43
333 41
2 40
2 39
188 36
275 35
205 34
558 33
649 32
3026 31
3989 30
2942 29
4475 28
3875 27
17696 26
9804 25
3037 24
1828 23
2005 22
813 21
